   3.5699718642190737e-05
   1.7852999569577799e-03
   8.4465372416161127e-05
   3.3665593231144440e-04
   2.1392199417673553e-02
   1.6756352736009585e-02
   1.7782803861779564e-04
   1.5289756325088136e-01
   9.3167475377076608e-05
   1.7404246087262161e-02
   5.5199349980772066e-03
   1.5299837708540032e-02
   3.9634631027395471e-02
   3.6902469741878583e-04
   2.7884958730032552e-04
   2.3990296013715051e-04
   1.6435261141684995e-05
   7.9735392322014700e-05
   1.1751423542454207e-03
   6.0964463021395306e-03
   1.3975428989306288e-03
   7.6028256110679995e-04
   3.1072264807506706e-02
   1.3127330796281265e-03
   9.5120897619505583e-04
   6.9967804468723830e-03
   1.9035789267888834e-03
   2.4751469079682280e-05
   1.9064803526431420e-05
   6.2776764251879695e-04
   1.0494182891273230e-02
   1.4217123373731174e-03
   4.7242868209770183e-05
   4.1355827064070707e-04
   2.7711136080610945e-03
   1.5592467553858305e-02
   3.8984201198934485e-04
   3.3304250103162464e-01
   3.5989830976531582e-04
   3.6638935436517660e-02
   3.0794644309285629e-05
   2.9469264396386638e-04
   1.3904272032611928e-02
   2.4723436019169478e-03
   8.4382644195939423e-05
   1.0473174561022938e-04
   8.9789818393058859e-04
   1.0173670913779865e-03
   5.2433524793295554e-04
   1.9389941237049835e-04
   8.9013346315107244e-05
   8.5212130028245272e-04
   3.1717656402357775e-04
   4.3941771755056264e-04
   5.9844737539771964e-05
   8.0980737828778815e-05
   6.9277595743792183e-05
   2.5439766844827884e-04
   1.7386849110287429e-05
   1.4947915463918562e-04
   1.6420004529889096e-03
   1.2169670669502238e-03
   7.7641224988091249e-04
   1.1146197587463026e-04
   2.3762171011199370e-03
   1.3610496116817462e-02
   1.2259528017130226e-03
   1.4848897789316823e-03
   3.8292753229099931e-03
   7.6031207284765040e-05
   7.5992581013761995e-02
   1.0963161117132562e-04
   5.0781323015785087e-03
   3.0312431616657276e-03
   2.7236546810742847e-04
   4.3675954218061450e-05
   2.3093468722537501e-02
   4.6158526102576250e-03
   1.3976373606853378e-04
   2.7081622860756622e-02
   6.6380894832000024e-03
   1.2046786638491632e-04
   2.1802949835643674e-02
   6.0870462917028178e-03
   2.5683613183491255e-05
   1.8574195255569362e-02
   1.9518582531141325e-02
   1.1343611452435036e-04
   2.9363498528716800e-03
   1.4895676982570885e-03
   4.8081328405648178e-05
   1.9478756342687887e-05
   1.0515268861323429e-04
   5.0618918456908254e-05
   1.4929331927071816e-05
   3.0192255379530967e-04
   3.2088145622584028e-04
   2.0374032059469003e-04
   5.6651737711898130e-05
   3.2994771519258151e-04
   1.7908539484316273e-03
   3.0569671132042660e-04
   1.7556214109166892e-05
   2.7405229507941744e-04
   2.8698848570912561e-03
   5.2150509035021051e-04
   7.6724381097889987e-05
   1.5073149601596274e-04
   4.6431152879097019e-03
   5.0927807059252591e-03
   5.2168533557682255e-04
   2.1817410219482766e-01
   4.7186756478908201e-02
   6.8146666004392328e-02
   9.0303713748101521e-05
   1.0949455725662730e-02
   4.7797016796441317e-03
   1.2150126974051402e-04
   4.1290886416667522e-03
   1.3676283781824913e-03
   4.2564757610168679e-05
   1.6547574044824393e-05
   1.4772566687014339e-02
   1.1498726350200441e-02
   2.7396800770590963e-05
   3.9025199512666997e-03
   1.7131085069750029e-03
   2.4419652242920635e-05
   7.1516176597598156e-05
   5.4037332921179990e-03
   3.7874117256623428e-03
   1.7358273115636620e-04
   4.0832463416113566e-05
   6.5844376812014549e-04
   1.9570530993216168e-04
   1.0976857416896382e-04
   1.7925481451117372e-05
   2.1584731685683870e-04
   1.6262704252516094e-05
   1.6823663710445752e-05
   3.5566989988010614e-05
   1.3309705143551746e-04
   5.5408036610111022e-05
   5.4275354144937230e-05
   8.0876955252218692e-05
   3.5508326482671877e-05
   1.5966488235180755e-05
   1.0414587126230234e-04
   1.2139665270204710e-02
   3.9781818851306336e-03
   1.7236656194681778e-05
   4.2461112855411572e-05
   5.1665405721272092e-03
   7.8667046427508703e-03
   9.5077055177659152e-04
   1.8087102146273448e-01
   1.0538943840336974e-01
   3.2384274207464806e-04
   2.9571358566735862e-02
   4.7574374484795614e-03
   3.7157514183257478e-05
   3.2165630101214863e-02
   3.4668885652866686e-03
   1.4759813559617925e-05
   1.9616883836136405e-02
   7.6341132778644681e-03
   1.0904253451583596e-02
   7.3428013703731813e-03
   8.0548503344617155e-05
   1.4705840775076598e-01
   3.0211448097647145e-05
   1.0616660032417066e-02
   6.8776240592867037e-03
   5.1980149414635412e-04
   7.0460772873547003e-03
   2.8934685781334467e-03
   1.9133770128907262e-05
   6.4784955128580402e-05
   3.3891465942676367e-05
   1.0302290824480652e-04
   4.0130137391726565e-04
   1.7836451513601341e-04
   1.6840400490819975e-04
   1.3809339139043012e-04
   6.5368326262135066e-03
   2.1497916560103978e-03
   5.5621795868829251e-04
   6.7768179291453789e-02
   7.2131485276405354e-03
   8.3453372829019129e-02
   1.6478365534770768e-02
   1.1226324910629127e-02
   1.9916963365050541e-01
   2.5046828815999806e-02
   1.3077256510154001e-02
   9.7701535808854200e-05
   2.0461001311254203e-03
   9.6771119081992475e-04
   9.2509912465868439e-05
   8.6742213189306666e-05
   1.0662345816633829e-03
   8.5377089693324437e-04
   4.2462303828170103e-05
   1.1647997861010862e-04
   5.4890692485540650e-04
   2.4522141722586416e-04
   2.7087648553770218e-05
   3.0908203486759333e-05
   7.3454521895439408e-04
   4.3422814259812747e-04
   4.0853446703244852e-05
   2.5508232579086175e-05
   3.3158587922771322e-04
   2.0663191843142882e-04
   7.1765027598760193e-05
   1.9496665986205224e-05
   2.5000059386188480e-05
   1.8786815093686908e-05
   1.5393535375064298e-05
   1.0390270078665250e-04
   9.8805780007682580e-03
   1.7396083819705588e-03
   4.0886196574768427e-05
   8.3932137422127275e-05
   4.4469873759050418e-03
   2.7283414196045282e-03
   1.8858320212718366e-05
   4.0110376521472366e-04
   3.4734900510329125e-02
   3.1996527510286385e-04
   7.0278492676291479e-02
   6.6785534168047473e-05
   3.0842493341919042e-04
   1.6327169079413451e-02
   2.6715360326294872e-04
   1.6545096150218523e-05
   5.9899799965421779e-04
   5.2759157888365021e-03
   8.5825583492792019e-05
   4.0724436095735944e-05
   2.2022436157544071e-04
   4.0867966545564307e-04
   1.9796507474978045e-04
   1.4385883973297013e-04
   9.9028519889098746e-05
   1.7289057079842291e-04
   1.0343803598994675e-04
   2.2524712680092757e-04
   2.0959453632253174e-05
   1.8008967781654499e-05
   1.5436592925719810e-04
   1.9258205022314495e-05
   1.6092825659868594e-04
   2.0366927429307877e-04
   5.0718242669189483e-05
   1.5299104452970450e-05
   6.8418082187116265e-05
   2.7573563966381968e-04
   8.5793165507671546e-04
   1.7914529122704266e-04
   2.5966116769524077e-03
   2.6875436518420076e-03
   2.1123501276457905e-04
   3.1318752380685329e-03
   2.0045219673913025e-03
   1.0413735140908872e-03
   3.7926000509847700e-05
   5.2790516332041383e-02
   7.7975170885569683e-02
   4.3669909412787075e-02
   1.8182413086302307e-02
   1.2865562333031388e-02
   1.0461084587412930e-01
   1.1303266843583758e-02
   6.7519817634640201e-03
   8.4818883154002254e-05
   1.5273792230429541e-05
   1.3553076610675442e-04
   3.7889411847456438e-03
   3.1708193223692364e-03
   7.1496845649701436e-05
   3.1373166421324423e-04
   7.4546216863488228e-05
   1.9003972222204751e-05
   2.3656250908284179e-05
   3.2052494241969820e-04
   2.9986019937813298e-03
   2.7164013716008859e-04
   4.1524613530102778e-05
   1.9075904075179577e-05
   6.1035598583101939e-04
   7.1289173316509667e-04
   5.7517527325910516e-05
   1.6404035154914347e-05
   1.6263866172571659e-05
   4.1460411444194944e-05
   7.0358229437661388e-03
   5.6346260594258169e-03
   7.6017626407613647e-05
   3.0866723079310706e-04
   3.6278476489885926e-04
   1.6043903330432363e-05
   3.7598747432346594e-05
   1.6806648741272669e-04
   8.6231381975134750e-04
   1.1668234088368790e-04
   2.3657591594063915e-05
   4.3895054845229506e-05
   1.4321226688198378e-04
   7.6964689948813840e-04
   3.4011036915376953e-04
   2.0025842899474877e-04
   4.3302490282620580e-05
   4.2961967316821658e-03
   1.1599036825806221e-03
   4.0016747694972499e-04
   6.7946693608867407e-05
   1.1053216135060075e-02
   1.2023048776215522e-02
   6.5187707850499309e-05
   4.1420331186804186e-03
   1.0702343944494371e-02
   1.5674565376826558e-03
   3.6575043052431887e-05
   3.9240787663266052e-01
   6.2359033118310301e-04
   4.6181540461993645e-02
   5.8905270586346809e-03
   5.5530484572598243e-03
   1.4155282835747146e-04
   3.3590629274634803e-05
   6.1213966778928919e-04
   2.5795226715580392e-04
   3.3171930631340001e-05
   1.7314286824245734e-05
   2.1541195773208079e-05
   1.4039503766063367e-05
   1.9945868511679780e-05
   4.2963721668800343e-05
   6.8233719371977008e-05
   4.4594325659425899e-05
   6.1112378835800657e-04
   1.7949499590006317e-04
   5.9903719461812953e-05
   1.7225561528706881e-04
   6.5268835045984757e-04
   3.7103260740709558e-04
   4.6312709417774118e-05
   4.4552750165652080e-05
   3.8054356557248744e-03
   2.5150424240043337e-03
   1.3148882110081990e-04
   1.3442910687487962e-04
   2.3116338923780282e-03
   1.7701586001761340e-03
   8.3242536918813983e-04
   2.5444703003254638e-05
   4.3927192900208205e-03
   9.3938970779263248e-02
   5.7402688332297387e-05
   1.1776150509819529e-02
   1.2462034654934433e-02
   3.0923850099053620e-04
   2.8802495601064960e-03
   2.3487550970277313e-02
   1.1889094295635559e-04
   2.4629775620874687e-05
   1.7512689061312252e-03
   1.8313112210089620e-03
   7.8876563709164100e-05
   2.0667527820570498e-05
   5.8228434961939363e-05
   1.6567319906689747e-05
   1.6467319469698119e-05
   1.6844776148780669e-05
   2.4430084244808024e-05
   3.5996437226170924e-05
   1.4555339790176821e-05
   2.0967441965059356e-05
   2.4580146662432048e-05
   6.0818635887268337e-05
   5.2827452903099839e-04
   3.2251746911715401e-04
   2.2393859729999479e-05
   6.8018863440006002e-05
   7.6354763291738869e-04
   2.7506983179191721e-04
   7.5466099604802568e-05
   2.9195450333268253e-04
   1.4641158869723830e-04
   3.9045353287148765e-05
   2.7421629594034224e-03
   1.2964266933597544e-03
   4.5672491304600039e-04
   1.9382784223454091e-05
   1.1631985831979572e-03
   6.3179486536618439e-04
   6.7164583087642727e-05
   5.3142347378488754e-05
   5.1540628284081450e-05
   5.7740244656150543e-03
   6.9555571738676575e-03
   2.7021554202267672e-04
   5.4921841224419440e-05
   2.7729010833735549e-03
   2.5715664491851691e-03
   2.4825919168292129e-04
   3.9654957806300354e-05
   2.0947692583841580e-05
   3.9817661071263246e-04
   2.5913438293718950e-04
   5.9101571709840658e-05
   1.6660522281554810e-05
   2.0839461966021411e-05
   3.0681183909340109e-05
   1.4594155816023723e-05
   1.4556586489949863e-05
   1.5790467665784163e-05
   7.1509432567018320e-05
   4.2533776686992222e-05
   5.4502077731493172e-05
   1.1937184764168056e-03
   5.5141047924754639e-04
   6.3780127036460631e-05
   3.5066823272195542e-04
   1.5756608692912957e-04
   5.7832939574464867e-05
   5.1811885415292067e-03
   8.4345045150753511e-03
   6.4875822261702335e-05
   8.6512014609838595e-05
   2.5871792813394424e-03
   4.9744787644581860e-03
   2.5064565638168557e-04
   2.7931492157504869e-03
   2.3618722535557062e-02
   2.8905120290746902e-03
   1.9105008137916053e-02
   2.4050239458767021e-04
   1.9503525269997366e-03
   3.1267659896565499e-02
   4.8297745989202295e-04
   1.7185286458750636e-04
   1.2199791237886604e-01
   4.8127130174974242e-03
   1.7977037255764306e-03
   1.4009459314038419e-02
   1.0419301617979025e-03
   1.8433313420572178e-05
   3.0520403874883270e-04
   2.6584261742369330e-04
   1.6360160102209888e-04
   4.7981460026930002e-05
   7.3103870066450549e-05
   5.1495903228427883e-05
   3.4832068709258824e-05
   1.5203673120751580e-05
   1.5751162492441197e-05
   1.7916569633260580e-05
   3.5890367636601910e-05
   4.1184277542011106e-05
   4.1392860129658828e-05
   2.4938526485164141e-05
   1.8262263198158985e-04
   1.8487325581766765e-05
   5.6071635242902211e-05
   1.1562766189034247e-03
   4.7142655491402786e-04
   3.7171175129878343e-04
   4.7249853209255398e-05
   3.8103101192200680e-05
   1.6539649929066242e-05
   8.1433060832349606e-05
   1.5343261726873552e-03
   2.1093396827224159e-03
   3.5646016607132814e-04
   2.8573840527010046e-05
   4.0859377746547915e-01
   3.4766759171113051e-05
   2.2817842670423603e-03
   5.3104151359953930e-02
   2.0625932730306877e-05
   2.5785869692132690e-03
   2.2250774391794573e-03
   4.7118776569263118e-04
   3.6348420439961409e-05
   3.3492325977672370e-05
   2.0362489405998069e-04
   3.0911024998018178e-05
   1.5688739692488884e-05
   6.1949541985383791e-05
   2.8548006583935042e-04
   9.0506118250544020e-04
   1.1466275507205732e-04
   3.3302458213069525e-05
   1.2004864284923780e-04
   6.7891049852777930e-05
   3.8836745078214328e-05
   1.5028274703554223e-03
   3.6731355465909033e-03
   4.6569872810451284e-04
   2.2603101571464408e-05
   4.5896163749523678e-06
   3.7223071532373382e-04
   2.8868975437503159e-03
   3.2257292874600483e-04
   5.2058201288066824e-05
   2.1794762719555955e-05
   3.2456049524399002e-05
   2.3092491662939554e-04
   1.9233799561489442e-06
   1.4894052186700008e-05
   4.3891395259944583e-05
   6.7063746980201996e-05
   4.1011493124468211e-05
   1.3990915293590685e-04
   1.9083475650629903e-04
   1.6082361879931721e-05
   1.6198556922287333e-05
   1.4448920113719141e-05
   1.6007872730445394e-05
   1.7946920872572926e-05
   1.9016214409580726e-05
   1.2274157753700525e-04
   1.2350045370292760e-04
   1.9089680048965036e-05
   1.7844606093859621e-05
   1.4386622824216674e-04
   1.5832728028579212e-04
   3.1821475718625848e-05
   2.2517278451752725e-05
   1.6357821888667990e-05
   2.5212745095045428e-05
   6.3527386395401206e-04
   2.9144538316743592e-04
   6.9886718115249436e-05
   3.1683391668864924e-05
   3.5344009042896564e-05
   2.1210631668806025e-05
   1.7157974657980285e-05
   1.1452116381425977e-04
   3.2392086713080797e-04
   6.7006395304252883e-04
   5.0696565408554057e-04
   3.5274733135079414e-05
   1.6081834228773606e-05
   1.6923756436500708e-05
   1.6234666720996084e-05
   1.6154653444498443e-05
   4.2582521096092146e-05
   2.0740759700450244e-05
   1.9700676012511365e-05
   8.1390551471253772e-05
   6.0693615170865450e-05
   3.3121865286341663e-04
   1.4576119273663156e-03
   5.8390676691317362e-04
   1.4213482483200465e-04
   2.0819611599747143e-04
   5.0396247241637953e-05
   6.8957846807042955e-05
   4.2860774795563827e-05
   2.8128876194021923e-03
   2.1767795543505076e-03
   5.7830383264075174e-05
   6.9999999999999996e-01
   2.9999999999999999e-01
   1.3659227649574451e-01
   3.5079141599123939e-02
   8.9112741572469227e-05
   1.1730892670477817e-02
   4.2212830536765868e-03
   4.4090885832409026e-05
   2.7634447667578086e-04
   5.5581851442008738e-05
   5.8883669108588243e-05
   2.9852311809722209e-05
   1.5675014185115022e-05
   2.3162224077138395e-05
   1.3509003197622626e-04
   5.2297397450804949e-04
   2.1876289147629295e-03
   4.4294103945000948e-04
   6.5214800280802309e-05
   2.2840954988650225e-04
   3.3225511266986905e-05
   1.4506771724462713e-05
   1.5063387799799432e-05
   3.0573746206333805e-05
   1.5526118228505084e-05
   1.8209626783888163e-05
   3.6562134571381856e-05
   3.6744786478135986e-05
   3.8507676822526656e-05
   9.0471782516459164e-05
   3.9304373675893488e-04
   4.9062283630532051e-05
   1.4660720073791093e-05
   1.6706288617065894e-05
   1.6231333189812733e-05
